,AAWt,AAMt,Sstruct,SaccW,ShbondsW,SaccM,ShbondsM,yDDG,Result,Positiontype,ProteinPropens,Positionaccept,MOSST,SectorSuperficie,Functionalrelevancefunction
AAWt,1.0,0.235733173124,-0.00277475677795,-0.176108443499,0.32198469785,-0.169294580701,0.184918470816,-0.236855133239,0.15581460448,-0.0877904165658,0.0801999546406,0.0459369981632,-0.098208113996,-0.039113566189,-0.11737419354
AAMt,0.235733173124,1.0,0.0173567237802,-0.0597777759563,0.0569504743108,-0.118890170194,0.126691827659,-0.366382890103,0.265315919444,-0.0915499109271,0.0513953134634,-0.0667315218934,-0.154701609312,0.0943453415328,-0.0473058201126
Sstruct,-0.00277475677795,0.0173567237802,1.0,-0.233125718326,0.0117293210364,-0.286500382056,0.206759217193,0.0510859014996,-0.0462283831712,-0.0737065451282,-0.0333284026339,-0.0950907997054,-0.00170777863972,0.107867412453,0.0718183793565
SaccW,-0.176108443499,-0.0597777759563,-0.233125718326,1.0,-0.285411763164,0.90117134449,-0.30244359106,0.1491918427,-0.0409967504394,-0.15652890186,0.0601531958074,-0.272139824365,0.256846571714,-0.0752101464566,-0.109202768904
ShbondsW,0.32198469785,0.0569504743108,0.0117293210364,-0.285411763164,1.0,-0.236543147809,0.270323692571,-0.0998387207179,0.0563736304792,0.102133461213,-0.144215913289,0.0855483216737,-0.141361985235,-0.0590317248467,-0.180686838856
SaccM,-0.169294580701,-0.118890170194,-0.286500382056,0.90117134449,-0.236543147809,1.0,-0.373576507634,0.144428094546,-0.0285881373077,-0.150922722114,0.0743064423408,-0.229191226995,0.234148030811,-0.109351455406,-0.0564308006044
ShbondsM,0.184918470816,0.126691827659,0.206759217193,-0.30244359106,0.270323692571,-0.373576507634,1.0,-0.194458714527,0.091649709683,0.048174830183,0.0132569463697,0.0415656066911,-0.100863368607,0.143153343241,-0.113250641026
yDDG,-0.236855133239,-0.366382890103,0.0510859014996,0.1491918427,-0.0998387207179,0.144428094546,-0.194458714527,1.0,-0.734744558806,-0.0117032605495,-0.0288492249727,-0.0448870321365,0.131906509185,0.0115820854983,0.135565347418
Result,0.15581460448,0.265315919444,-0.0462283831712,-0.0409967504394,0.0563736304792,-0.0285881373077,0.091649709683,-0.734744558806,1.0,-0.0289949755338,0.0191414789021,0.025076634994,-0.0819554289454,0.00337709430094,-0.107891818423
Positiontype,-0.0877904165658,-0.0915499109271,-0.0737065451282,-0.15652890186,0.102133461213,-0.150922722114,0.048174830183,-0.0117032605495,-0.0289949755338,1.0,-0.493647780227,0.682848591895,-0.570523539325,-0.181431283918,0.153650036967
ProteinPropens,0.0801999546406,0.0513953134634,-0.0333284026339,0.0601531958074,-0.144215913289,0.0743064423408,0.0132569463697,-0.0288492249727,0.0191414789021,-0.493647780227,1.0,-0.508060927898,0.540725918817,0.0894077979202,-0.0145582570455
Positionaccept,0.0459369981632,-0.0667315218934,-0.0950907997054,-0.272139824365,0.0855483216737,-0.229191226995,0.0415656066911,-0.0448870321365,0.025076634994,0.682848591895,-0.508060927898,1.0,-0.700103536352,-0.109878578362,0.14154342079
MOSST,-0.098208113996,-0.154701609312,-0.00170777863972,0.256846571714,-0.141361985235,0.234148030811,-0.100863368607,0.131906509185,-0.0819554289454,-0.570523539325,0.540725918817,-0.700103536352,1.0,0.0572702865203,-0.114335219006
SectorSuperficie,-0.039113566189,0.0943453415328,0.107867412453,-0.0752101464566,-0.0590317248467,-0.109351455406,0.143153343241,0.0115820854983,0.00337709430094,-0.181431283918,0.0894077979202,-0.109878578362,0.0572702865203,1.0,0.00885194033496
Functionalrelevancefunction,-0.11737419354,-0.0473058201126,0.0718183793565,-0.109202768904,-0.180686838856,-0.0564308006044,-0.113250641026,0.135565347418,-0.107891818423,0.153650036967,-0.0145582570455,0.14154342079,-0.114335219006,0.00885194033496,1.0
