,AAWt,AAMt,Sstruct,SaccW,ShbondsW,SaccM,ShbondsM,yDDG,Result,Positiontype,ProteinPropens,Positionaccept,MOSST,SectorSuperficie,Functionalrelevancefunction
AAWt,1.0,1.0,1.0,0.943492146574,1.0,0.973212873655,1.0,0.993489244116,1.0,1.0,0.829320936908,1.0,0.986874980208,1.0,0.972710041002
AAMt,1.0,1.0,1.0,0.943492146574,1.0,0.973212873655,1.0,0.993489244116,1.0,1.0,0.829320936908,1.0,0.986874980208,1.0,0.972710041002
Sstruct,1.0,1.0,1.0,0.943492146574,1.0,0.973212873655,1.0,0.993489244116,1.0,1.0,0.829320936908,1.0,0.986874980208,1.0,0.972710041002
SaccW,0.943492146574,0.943492146574,0.943492146574,1.0,0.943492146574,0.963103939924,0.943492146574,0.936872500831,0.943492146574,0.943492146574,0.806187064503,0.943492146574,0.929083837302,0.943492146574,0.913836821985
ShbondsW,1.0,1.0,1.0,0.943492146574,1.0,0.973212873655,1.0,0.993489244116,1.0,1.0,0.829320936908,1.0,0.986874980208,1.0,0.972710041002
SaccM,0.973212873655,0.973212873655,0.973212873655,0.963103939924,0.973212873655,1.0,0.973212873655,0.966166986333,0.973212873655,0.973212873655,0.814605862824,0.973212873655,0.959004274538,0.973212873655,0.946105387432
ShbondsM,1.0,1.0,1.0,0.943492146574,1.0,0.973212873655,1.0,0.993489244116,1.0,1.0,0.829320936908,1.0,0.986874980208,1.0,0.972710041002
yDDG,0.993489244116,0.993489244116,0.993489244116,0.936872500831,0.993489244116,0.966166986333,0.993489244116,1.0,0.993489244116,0.993489244116,0.823753289539,0.993489244116,0.980104462448,0.993489244116,0.965653919126
Result,1.0,1.0,1.0,0.943492146574,1.0,0.973212873655,1.0,0.993489244116,1.0,1.0,0.829320936908,1.0,0.986874980208,1.0,0.972710041002
Positiontype,1.0,1.0,1.0,0.943492146574,1.0,0.973212873655,1.0,0.993489244116,1.0,1.0,0.829320936908,1.0,0.986874980208,1.0,0.972710041002
ProteinPropens,0.829320936908,0.829320936908,0.829320936908,0.806187064503,0.829320936908,0.814605862824,0.829320936908,0.823753289539,0.829320936908,0.829320936908,1.0,0.829320936908,0.808487622356,0.829320936908,0.811942331137
Positionaccept,1.0,1.0,1.0,0.943492146574,1.0,0.973212873655,1.0,0.993489244116,1.0,1.0,0.829320936908,1.0,0.986874980208,1.0,0.972710041002
MOSST,0.986874980208,0.986874980208,0.986874980208,0.929083837302,0.986874980208,0.959004274538,0.986874980208,0.980104462448,0.986874980208,0.986874980208,0.808487622356,0.986874980208,1.0,0.986874980208,0.959500022133
SectorSuperficie,1.0,1.0,1.0,0.943492146574,1.0,0.973212873655,1.0,0.993489244116,1.0,1.0,0.829320936908,1.0,0.986874980208,1.0,0.972710041002
Functionalrelevancefunction,0.972710041002,0.972710041002,0.972710041002,0.913836821985,0.972710041002,0.946105387432,0.972710041002,0.965653919126,0.972710041002,0.972710041002,0.811942331137,0.972710041002,0.959500022133,0.972710041002,1.0
